%% 第一次实验：环境搭建
% $x^2+y^2=1$
x=10
y=12




%% 第二节
%%
% *加粗* _ITALIC TEXT_ $x^2+e^{\pi i}$

a = [1 2 3;4 5 6;7 8 9]




%% 向量和矩阵 matix
A =[] 
[1] == 1
A =[1 2 3;4 5 6;7 8 9];%分号抑制输出

% 冒号
d=1:9 % 1:2:9
t =0:pi/3:2*pi % t' 转置
A(2,3)=7 % 双索引
A(8)
A(end)

% 切片
A(1,:)
A(:,2)
A(:) % 拉直
A(4,4)=11 %自动动态增长
A(2,:)= 5:8
A(:,4)=5:8

evec =[]

evec =

     []

length(evec)

ans =

     0

length(A)

ans =

     4

evec =[evec,4]

evec =

     4

evec =[evec,11]

evec =

     4    11

rv=[3 5 11]

rv =

     3     5    11

rv(4)=2

rv =

     3     5    11     2

rv(6)=3

rv =

     3     5    11     2     0     3

rv(5)=[]

rv =

     3     5    11     2     3

%% 拼接

eye(3)

%% 多重赋值
a,b=3,4
a,b=b,a








eye(3)

ans =

     1     0     0
     0     1     0
     0     0     1

eye(3,4)

ans =

     1     0     0     0
     0     1     0     0
     0     0     1     0

ones(3)

ans =

     1     1     1
     1     1     1
     1     1     1

zeros(3)

ans =

     0     0     0
     0     0     0
     0     0     0

rand(3,4)

ans =

  列 1 至 3

   0.814723686393179   0.913375856139019   0.278498218867048
   0.905791937075619   0.632359246225410   0.546881519204984
   0.126986816293506   0.097540404999410   0.957506835434298

  列 4

   0.964888535199277
   0.157613081677548
   0.970592781760616

mat=randi([1,100],3,4)

mat =

    96    15    80     4
    49    43    96    85
    81    92    66    94

size(mat)

ans =

     3     4

d=ndims(mat)

d =

     2

d1= numel(mat)

d1 =

    12

[p,q]=size(mat)

p =

     3


q =

     4

magic(3)

ans =

     8     1     6
     3     5     7
     4     9     2

magic(4)

ans =

    16     2     3    13
     5    11    10     8
     9     7     6    12
     4    14    15     1

mat

mat =

    96    15    80     4
    49    43    96    85
    81    92    66    94

reshape(mat,2,6)

ans =

    96    81    43    80    66    85
    49    15    92    96     4    94

fliplr(mat)

ans =

     4    80    15    96
    85    96    43    49
    94    66    92    81

flipud(mat)

ans =

    81    92    66    94
    49    43    96    85
    96    15    80     4

rot90(mat)

ans =

     4    85    94
    80    96    66
    15    43    92
    96    49    81

rot90(mat,2)

ans =

    94    66    92    81
    85    96    43    49
     4    80    15    96

rot90(mat,-1)

ans =

    81    49    96
    92    43    15
    66    96    80
    94    85     4

diag(mat)

ans =

    96
    43
    66

diag(eye(3))

ans =

     1
     1
     1

a,b=3,4
函数或变量 'a' 无法识别。
 
[a,b]=[3,4]
输出参数太多。
 






